-1.650789257098317364e-02 1.375834408717082624e-01
-3.409832102623511219e-02 2.766685598502931498e-01
-5.279105524771843250e-02 4.173952033185059918e-01
-7.260091497676413042e-02 5.599060513524847238e-01
-9.348131874419607357e-02 7.042520509903198445e-01
-1.153840413827627032e-01 8.504843394389354216e-01
-1.382591690597809730e-01 9.986542044993313993e-01
-1.620550538065828050e-01 1.148813038929887398e+00
-1.867182676759888693e-01 1.301012288367729752e+00
-2.118237523302948233e-01 1.454630004113681707e+00
-2.369724822254823948e-01 1.609024278249648887e+00
-2.617923306607838896e-01 1.763533368118629596e+00
-2.859386510511754409e-01 1.917476187374830943e+00
-3.090945462287084666e-01 2.070153142639128419e+00
-3.313058392066512425e-01 2.221544289174545384e+00
-3.526181373748276116e-01 2.371631038020780124e+00
-3.730768024622079793e-01 2.520396138006603337e+00
-3.927269218577684740e-01 2.667823655200237454e+00
-4.116132813112027833e-01 2.813898949992790222e+00
-4.297983026867449041e-01 2.958957496928761088e+00
-4.473309038880159960e-01 3.103338310629467856e+00
-4.642466594342948838e-01 3.247383453632480155e+00
-4.805678922003959741e-01 3.391437566924196290e+00
-4.963036945277092826e-01 3.535847413254529670e+00
-5.114484263734997427e-01 3.680610156264293664e+00
-5.259963728740597588e-01 3.825722778356663412e+00
-5.399417462778171029e-01 3.971182077532972698e+00
-5.532786879576114814e-01 4.116984664338360744e+00
-5.660012705017347656e-01 4.263126958925511190e+00
-5.780084749290637092e-01 4.409861564808764456e+00
-5.891894482128776644e-01 4.557437799484262086e+00
-5.994234827399438359e-01 4.706101246916915670e+00
-6.085799644052976021e-01 4.856093265212706456e+00
-6.165182921138558925e-01 5.007650445315704246e+00
-6.231951599221190463e-01 5.160752073477652857e+00
-6.285671155124479270e-01 5.315375697169244518e+00
-6.325905982185187071e-01 5.471497099209628345e+00
-6.352219785928561180e-01 5.629090275906548868e+00
-6.364175994536989123e-01 5.788127419510772143e+00
-6.364012087779755689e-01 5.948022055256217300e+00
-6.354197129665877242e-01 6.108198074135543720e+00
-6.337430968417425703e-01 6.268090892846515771e+00
-6.316641174993584684e-01 6.427148399778758403e+00
-6.294977873186233808e-01 6.584831662430644883e+00
-6.272851534368832915e-01 6.741156541894056886e+00
-6.250664123785281134e-01 6.896139787755856787e+00
-6.228809099660264081e-01 7.049798989066530908e+00
-6.207671423240714859e-01 7.202152527074673571e+00
-6.187627578952508145e-01 7.353219529780929520e+00
-6.171692485475670509e-01 7.503248673572940675e+00
-6.162783983166875146e-01 7.652500003694640895e+00
-6.163721605078276156e-01 7.801244603481862327e+00
-6.177225023077514976e-01 7.949764378609486926e+00
-6.205912100043011748e-01 8.098351957298504544e+00
-6.249762926034705401e-01 8.247068479708232758e+00
-6.308744412221187758e-01 8.395975180778577851e+00
-6.382810236512810320e-01 8.545133429947057380e+00
-6.471900768513911828e-01 8.694604770580809827e+00
-6.575942973719399731e-01 8.844450959014665159e+00
-6.690253228994276213e-01 8.994705454713127324e+00
-6.810146272548074364e-01 9.145382779533505868e+00
-6.930939804422155959e-01 9.296478328441423855e+00
-7.047959160226984210e-01 9.447968174858729640e+00
-7.156542054719032819e-01 9.599808892576746189e+00
-7.256620669895905706e-01 9.751990132123509625e+00
-7.348127631573877494e-01 9.904501273903591141e+00
-7.430996050804345998e-01 1.005733143156440690e+01
-7.505159565335119964e-01 1.021046945575990605e+01
-7.570552381056465663e-01 1.036390393831338486e+01
-7.625984924459761061e-01 1.051780056222139592e+01
-7.670198452551666435e-01 1.067232013241910238e+01
-7.701865719560085921e-01 1.082761821479597586e+01
-7.719591552115208088e-01 1.098384475044767328e+01
-7.721913353728027118e-01 1.114114364512342092e+01
-7.708513156979748260e-01 1.129948123296358631e+01
-7.679076073718427153e-01 1.145882247803302789e+01
-7.633290640717795839e-01 1.161913099893440915e+01
-7.570849166110971140e-01 1.178036909781732788e+01
-7.491448075509996585e-01 1.194249779380935195e+01
-7.397286391162989361e-01 1.210518838285128140e+01
-7.290688226284505191e-01 1.226812321345605028e+01
-7.174100763657431656e-01 1.243099635896294330e+01
-7.050091514068466125e-01 1.259351416587345796e+01
-6.921344934520057279e-01 1.275539567592423396e+01
-6.788014017514285570e-01 1.291664579245778555e+01
-6.650248332365880088e-01 1.307726982406681770e+01
-6.508193994443267627e-01 1.323727346750682443e+01
-6.361993637667016088e-01 1.339666279076870126e+01
-6.211786390140172642e-01 1.355544421633550201e+01
-6.061499260413292234e-01 1.371337628341217396e+01
-5.915155907882869712e-01 1.387023529963060753e+01
-5.776870985350104348e-01 1.402581521964130218e+01
-5.650844303936590762e-01 1.417992739279129921e+01
-5.541354903196307191e-01 1.433240019418866495e+01
-5.448845086667368776e-01 1.448330546871122237e+01
-5.373737364862112287e-01 1.463271464708410008e+01
-5.316435013780669294e-01 1.478069875960555635e+01
-5.277322608887793365e-01 1.492732845565285515e+01
-5.256766534158252568e-01 1.507267402860099992e+01
-5.249790708889037205e-01 1.521717335798012982e+01
