-1.309231555675314240e-01 -1.292520064774414834e+01
-1.397523321135505370e-01 -1.279160194980474330e+01
-1.478671480163900043e-01 -1.265726725865016533e+01
-1.587895824876550677e-01 -1.253416454445027739e+01
-1.687488354778761135e-01 -1.241011494545440996e+01
-1.777236208778134596e-01 -1.228513225974643319e+01
-1.856926718498623785e-01 -1.215923103094772273e+01
-1.926347550172131662e-01 -1.203242655178136999e+01
-1.985286849689629207e-01 -1.190473486632849642e+01
-2.033600164076627692e-01 -1.177640163443139443e+01
-2.071222395466651989e-01 -1.164767323268851840e+01
-2.098168637929376246e-01 -1.151879641278483746e+01
-2.114534581265612445e-01 -1.139001795489194535e+01
-2.120496480691134167e-01 -1.126158432131900611e+01
-2.116146187642815590e-01 -1.113351282258177832e+01
-2.101577417165536588e-01 -1.100582046057705554e+01
-2.076885683343032696e-01 -1.087852391695895449e+01
-2.042168233508192543e-01 -1.075163954216154139e+01
-1.992445416260597568e-01 -1.062884641367622862e+01
-1.938606785094272311e-01 -1.050661902316231533e+01
-1.885893970673286901e-01 -1.038507088641397047e+01
-1.839583088394594057e-01 -1.026429854115504270e+01
-1.804980884108999817e-01 -1.014438178438877003e+01
-1.791025184959629257e-01 -1.002170844749591083e+01
-1.793733473408387624e-01 -9.899899806994042706e+00
-1.813310850020055653e-01 -9.778906991913572710e+00
-1.849952524869795667e-01 -9.658681342170766015e+00
-1.903844032148107601e-01 -9.539174375910690173e+00
-1.975161430891425596e-01 -9.420337755218952225e+00
-2.059929616898639182e-01 -9.301980637974011756e+00
-2.154120178879530556e-01 -9.183924945237677662e+00
-2.253654420570594397e-01 -9.066005252827068261e+00
-2.354406161610427262e-01 -8.948068782085201178e+00
-2.452204365931454078e-01 -8.829975480106426744e+00
-2.547030284238811504e-01 -8.711724750113063465e+00
-2.638864500278543801e-01 -8.593316033405130838e+00
-2.727686932602040315e-01 -8.474748811072245758e+00
-2.813476836563868488e-01 -8.356022605709512163e+00
-2.895423111187600540e-01 -8.233417190892595272e+00
-2.970735704341986860e-01 -8.110331905907912642e+00
-3.036324763143092298e-01 -7.986459033882823633e+00
-3.088997374270814333e-01 -7.861500734824332426e+00
-3.125457812667278290e-01 -7.735169708626912666e+00
-3.144636314657898168e-01 -7.610909400373174094e+00
-3.144422001236968356e-01 -7.485037375204683485e+00
-3.124418119573295627e-01 -7.357594580872230949e+00
-3.084229231659705306e-01 -7.228623885448115516e+00
-3.023461745085000985e-01 -7.098170051192298047e+00
-2.941724449857847645e-01 -6.966279701624372933e+00
-2.843676653529385590e-01 -6.833402131526071344e+00
-2.734122478318052885e-01 -6.699968918687716268e+00
-2.618009198434787521e-01 -6.566393009459432051e+00
-2.500424244491394887e-01 -6.433068104153790046e+00
-2.386591049239559226e-01 -6.300368333656990671e+00
-2.276645059555999495e-01 -6.168271716674695426e+00
-2.170716462596349317e-01 -6.036756211958575591e+00
-2.068930239489681355e-01 -5.905799725325280747e+00
-1.971406217794591242e-01 -5.775380115996028962e+00
-1.878259122601289022e-01 -5.645475202288366745e+00
-1.788563870025630109e-01 -5.515663239524670303e+00
-1.701252615159987158e-01 -5.385526999263220205e+00
-1.615115213254227911e-01 -5.254653990182731604e+00
-1.528798599913034906e-01 -5.122636745394359536e+00
-1.440805134897438222e-01 -4.989073188223912325e+00
-1.350699874022787128e-01 -4.853960504743056958e+00
-1.258041184117839606e-01 -4.717296813892559726e+00
-1.162380831584517438e-01 -4.579081214075372941e+00
-1.063264085457920061e-01 -4.439313830012665107e+00
-9.602298355442329125e-02 -4.297995859715584288e+00
-8.531031653821052885e-02 -4.155367415737515557e+00
-7.417948599347212735e-02 -4.011667912857888041e+00
-6.263031676233055123e-02 -3.867135801350030988e+00
-5.067151351011212057e-02 -3.722008291350931586e+00
-3.832075161793468965e-02 -3.576521073383958083e+00
-2.556397232254958851e-02 -3.430672858234160572e+00
-1.238691664829083550e-02 -3.284462713933137934e+00
1.224869866598865542e-03 -3.137890071955482085e+00
1.528603225096247797e-02 -2.990954733237913388e+00
2.981140098669676775e-02 -2.843656874003144708e+00
4.435308725903475136e-02 -2.696558459333459723e+00
5.844111849054023367e-02 -2.550201653677163449e+00
7.158405245770005365e-02 -2.405108608073859955e+00
8.326977983804439987e-02 -2.261781598727566234e+00
9.296649111249344344e-02 -2.120703517006731431e+00
1.006132592206743226e-01 -1.981801630437828976e+00
1.061515395522079075e-01 -1.845004042207435191e+00
1.095250843534270047e-01 -1.710239695651736724e+00
1.106798599489415835e-01 -1.577438371190027055e+00
1.095639668188503890e-01 -1.446530676278442229e+00
1.063702155486012657e-01 -1.316942251118319973e+00
1.013109547482908823e-01 -1.188107019670852083e+00
9.461749870930802331e-02 -1.059466721307558146e+00
8.653976903594085002e-02 -9.304706023244619928e-01
7.734613987576111072e-02 -8.005752870602549365e-01
6.705881748089836947e-02 -6.697411369545704929e-01
5.570094392018631879e-02 -5.379283831941563676e-01
4.329661669949480540e-02 -4.050971242145351425e-01
2.987090910763434692e-02 -2.712073250763467058e-01
1.544989126771234567e-02 -1.362188188288939727e-01
0.000000000000000000e+00 0.000000000000000000e+00
